image: src/abot_slam/map/map2.pgm
resolution: 0.010000
origin: [-20.040000, -5.000000, 0.000000]
negate: 0
occupied_thresh: 0.65
free_thresh: 0.196

